$ANSIBLE_VAULT;1.1;AES256
30393234313465306237653639373537643731353862346639376436373366306631356334663364
6531656163643737326336613839333036643465653831650a613939646261316565373864343261
32393764383738646166376361343761616438356530356630663466653030613439636433313465
3035383439343839620a336161616536353633326335393566323935333765323437316265323637
63313563643135386230663465643236366462333365366334373037363661373532623563643237
38386134366566633662656337306461613234393236346165363135313531306433626365383034
38376639373033613539643961653832333763336138623139313266303161353336373038643262
62346139616664353561306537653834303834653639383862343035356262616162396163343064
35353463643566346430613563366161383238656634643434326263376566663835326137663831
62396233383633306139386430303732616433346361653464386531373637613239633062666462
39353362333062633136623736343062373138316139303261646336303838313330353263306631
37386432653333316439343331626437653330323738383066313666313765313463306266616163
61333462363735363339353836623032633339306164333362626138663237353937636161646137
31613834333238336134353539636638656638623664333466646339623439323765376461326564
30396239653339393261623866656536333138616363386333623565333938333363613563626531
30313761356264353063326465623239373331393030333532653662343836366637323536656330
39356534643831613864383030623536616366343736393864613332376538323131666537653434
31393537353462363561626437363765366465613461353932636266643864306665393637613436
38666130613333366534316262663062656330616533303364316563386464303731366435386535
63636263663465613636636165623161323864383261323962613362356566666431323632323130
65346432363131383463393532633565303330663064663336343334363665356362643866316266
33646136373466653131343264366633616461313836383939346234376163363035333930356235
35306239386664636561316234643534353432623934313961303737323062633138643835623762
31623633613166333762383434653362306166363664346666643230336339646366626238656538
62656334303264323039613362363930323865616265326434653934633465383665353731666438
36633164393031386665643939386264373065616561333235616364383633663636643263333666
63343033323562653039386132303334316666346663653235343330613831356432336137336538
64356462643461396530
